0.000000 0.020000 
0.020000 0.020000 
0.040000 0.020000 
0.060000 0.020000 
0.080000 0.020000 
0.100000 0.020000 
0.000000 0.040000 
0.020000 0.040000 
0.040000 0.040000 
0.060000 0.040000 
0.080000 0.040000 
0.100000 0.040000 
0.000000 0.060000 
0.020000 0.060000 
0.040000 0.060000 
0.060000 0.060000 
0.080000 0.060000 
0.100000 0.060000 
0.000000 0.080000 
0.020000 0.080000 
0.040000 0.080000 
0.060000 0.080000 
0.080000 0.080000 
0.100000 0.080000 
0.000000 0.100000 
0.020000 0.100000 
0.040000 0.100000 
0.060000 0.100000 
0.080000 0.100000 
0.100000 0.100000 
0.040000 0.000000 
0.060000 0.000000 
0.080000 0.000000 
0.100000 0.000000 
/
1 2 7 0.0000 
2 3 8 0.0000 
3 4 9 0.0000 
4 5 10 0.0000 
5 6 11 0.0000 
7 8 13 0.0000 
8 9 14 0.0000 
9 10 15 0.0000 
10 11 16 0.0000 
11 12 17 0.0000 
13 14 19 0.0000 
14 15 20 0.0000 
15 16 21 0.0000 
16 17 22 0.0000 
17 18 23 0.0000 
19 20 25 0.0000 
20 21 26 0.0000 
21 22 27 0.0000 
22 23 28 0.0000 
23 24 29 0.0000 
7 2 8 0.0000 
8 3 9 0.0000 
9 4 10 0.0000 
10 5 11 0.0000 
11 6 12 0.0000 
13 8 14 0.0000 
14 9 15 0.0000 
15 10 16 0.0000 
16 11 17 0.0000 
17 12 18 0.0000 
19 14 20 0.0000 
20 15 21 0.0000 
21 16 22 0.0000 
22 17 23 0.0000 
23 18 24 0.0000 
25 20 26 0.0000 
26 21 27 0.0000 
27 22 28 0.0000 
28 23 29 0.0000 
29 24 30 0.0000 
/
25 0.000 
26 0.000 
27 0.000 
28 0.000 
29 0.000 
30 0.000 
11 0.000 
17 0.000 
23 0.000 
