    1.0000    0.0400         0  110.0000
    2.0000    0.0600         0   73.3300
    3.0000    0.0800         0   36.6600
    4.0000    0.1000         0         0
    5.0000         0    0.0200  110.0000
    6.0000    0.0200    0.0200  110.0000
    7.0000    0.0400    0.0200  110.0000
    8.0000    0.0600    0.0200   65.3976
    9.0000    0.0800    0.0200   31.3483
   10.0000    0.1000    0.0200         0
   11.0000         0    0.0400   82.5000
   12.0000    0.0200    0.0400   77.9181
   13.0000    0.0400    0.0400   69.2739
   14.0000    0.0600    0.0400   46.9122
   15.0000    0.0800    0.0400   23.3354
   16.0000    0.1000    0.0400         0
   17.0000         0    0.0600   55.0000
   18.0000    0.0200    0.0600   49.8986
   19.0000    0.0400    0.0600   42.2652
   20.0000    0.0600    0.0600   29.6419
   21.0000    0.0800    0.0600   15.0812
   22.0000    0.1000    0.0600         0
   23.0000         0    0.0800   27.5000
   24.0000    0.0200    0.0800   24.4112
   25.0000    0.0400    0.0800   20.2463
   26.0000    0.0600    0.0800   14.3089
   27.0000    0.0800    0.0800    7.3475
   28.0000    0.1000    0.0800         0
   29.0000         0    0.1000         0
   30.0000    0.0200    0.1000         0
   31.0000    0.0400    0.1000         0
   32.0000    0.0600    0.1000         0
   33.0000    0.0800    0.1000         0
   34.0000    0.1000    0.1000         0